130 30 -500 0
29
Kickers
2
75 650 125 650 75 550
600 650 650 650 650 550
Wall
2
1
700
Gates
3
150 100 220 100
200 250 270 250
400 450 470 450
Ceiling
2
1
750
PopBumpers
1
20 200 500
ThrustBumpers
1
15 200 300
Vibranium
1
15 300 200
ScoreMultipliers
1
20 600 400
Switches
2
360 160 460 160
130 400 230 400
Bullseye
1
400 270 550 270 400 350
Collectables
6
80 90 C
80 150 I
80 210 E
80 270 2
80 330 0
80 390 2
speedBoosters
1
300 100
Magnets
1
400 600
Captives
1
250 620
Portals
1
160 160 200 270 200 200 160 230
Lanes
1
450 500 550 500 450 520 550 520
Ramps
1
50 50 50 80 80 50 80 80